0,0                                                                                                1                                                                                                   2                                                                                                   3
         1         2         3         4         5         6         7         8         9         0         1         2         3         4         5         6         7         8         9         0         1         2         3         4         5         6         7         8         9         0                     
323456789012345678901234567890123456789012345678901234567890123456789012345678901234567890123456789012345678901234567890123456789012345678901234567890123456789012345678901234567890123456789012345678901234567890123456789012345678901234567890123456789012345678901234567890123456789012345678901234567890
4
5
6
7
8
9
10
1
2
3
4
5
6
7
8
9
20
1
2
3
4
5
6
7
8
9
30
1
2
3
4
5
6
7
8
9
40
1
2
3
4
5
6
7
8
9
50
1
2
3
4
5
6
7
8
9
60
1
2
3
4
5
6
7
8
9
70
1
2
3
4
5
6
7
8
9
80
1
2
3
4
5
6
7
8
9
90
1
2
3
4
5
6
7
8
9
100
1
2
3
4
5
6
7
8
9
110
1
2
3
4
5
6
7
8
9
120
1
2
3
4
5
6
7
8
9
130
1
2
3
4
5
6
7
8
9
140
1
2
3
4
5
6
7
8
9
150
